xof 0303txt 0032
template ColorRGBA {
 <35ff44e0-6c7c-11cf-8f52-0040333594a3>
 FLOAT red;
 FLOAT green;
 FLOAT blue;
 FLOAT alpha;
}

template ColorRGB {
 <d3e16e81-7835-11cf-8f52-0040333594a3>
 FLOAT red;
 FLOAT green;
 FLOAT blue;
}

template Material {
 <3d82ab4d-62da-11cf-ab39-0020af71e433>
 ColorRGBA faceColor;
 FLOAT power;
 ColorRGB specularColor;
 ColorRGB emissiveColor;
 [...]
}

template TextureFilename {
 <a42790e1-7810-11cf-8f52-0040333594a3>
 STRING filename;
}

template Frame {
 <3d82ab46-62da-11cf-ab39-0020af71e433>
 [...]
}

template Matrix4x4 {
 <f6f23f45-7686-11cf-8f52-0040333594a3>
 array FLOAT matrix[16];
}

template FrameTransformMatrix {
 <f6f23f41-7686-11cf-8f52-0040333594a3>
 Matrix4x4 frameMatrix;
}

template Vector {
 <3d82ab5e-62da-11cf-ab39-0020af71e433>
 FLOAT x;
 FLOAT y;
 FLOAT z;
}

template MeshFace {
 <3d82ab5f-62da-11cf-ab39-0020af71e433>
 DWORD nFaceVertexIndices;
 array DWORD faceVertexIndices[nFaceVertexIndices];
}

template Mesh {
 <3d82ab44-62da-11cf-ab39-0020af71e433>
 DWORD nVertices;
 array Vector vertices[nVertices];
 DWORD nFaces;
 array MeshFace faces[nFaces];
 [...]
}

template MeshMaterialList {
 <f6f23f42-7686-11cf-8f52-0040333594a3>
 DWORD nMaterials;
 DWORD nFaceIndexes;
 array DWORD faceIndexes[nFaceIndexes];
 [Material <3d82ab4d-62da-11cf-ab39-0020af71e433>]
}

template VertexElement {
 <f752461c-1e23-48f6-b9f8-8350850f336f>
 DWORD Type;
 DWORD Method;
 DWORD Usage;
 DWORD UsageIndex;
}

template DeclData {
 <bf22e553-292c-4781-9fea-62bd554bdd93>
 DWORD nElements;
 array VertexElement Elements[nElements];
 DWORD nDWords;
 array DWORD data[nDWords];
}

template XSkinMeshHeader {
 <3cf169ce-ff7c-44ab-93c0-f78f62d172e2>
 WORD nMaxSkinWeightsPerVertex;
 WORD nMaxSkinWeightsPerFace;
 WORD nBones;
}

template SkinWeights {
 <6f0d123b-bad2-4167-a0d0-80224f25fabb>
 STRING transformNodeName;
 DWORD nWeights;
 array DWORD vertexIndices[nWeights];
 array FLOAT weights[nWeights];
 Matrix4x4 matrixOffset;
}

template AnimTicksPerSecond {
 <9e415a43-7ba6-4a73-8743-b73d47e88476>
 DWORD AnimTicksPerSecond;
}

template Animation {
 <3d82ab4f-62da-11cf-ab39-0020af71e433>
 [...]
}

template AnimationSet {
 <3d82ab50-62da-11cf-ab39-0020af71e433>
 [Animation <3d82ab4f-62da-11cf-ab39-0020af71e433>]
}

template FloatKeys {
 <10dd46a9-775b-11cf-8f52-0040333594a3>
 DWORD nValues;
 array FLOAT values[nValues];
}

template TimedFloatKeys {
 <f406b180-7b3b-11cf-8f52-0040333594a3>
 DWORD time;
 FloatKeys tfkeys;
}

template AnimationKey {
 <10dd46a8-775b-11cf-8f52-0040333594a3>
 DWORD keyType;
 DWORD nKeys;
 array TimedFloatKeys keys[nKeys];
}


Material _3_-_Default {
 0.588000;0.588000;0.588000;1.000000;;
 10.000000;
 0.000000;0.000000;0.000000;;
 0.000000;0.000000;0.000000;;

 TextureFilename {
  "gokuLegs.jpg";
 }
}

Material _2_-_Default {
 0.588000;0.588000;0.588000;1.000000;;
 10.000000;
 0.000000;0.000000;0.000000;;
 0.000000;0.000000;0.000000;;

 TextureFilename {
  "gokuBody.jpg";
 }
}

Frame Bip01 {
 

 FrameTransformMatrix {
  0.000003,0.000000,-1.000000,0.000000,0.000000,1.000000,0.000000,0.000000,1.000000,0.000000,0.000003,0.000000,0.000000,487.52221,0.000000,1.000000;;
 }

 Frame Bip01_Pelvis {
  

  FrameTransformMatrix {
   0.000000,1.000000,-0.000001,0.000000,-0.000001,0.000001,1.000000,0.000000,1.000000,0.000000,0.000001,0.000000,-69.576467,0.000000,-0.000000,1.000000;;
  }

  Frame Bip01_Spine {
   

   FrameTransformMatrix {
    0.962278,0.000001,0.272068,0.000000,-0.000002,1.000000,0.000004,0.000000,-0.272068,-0.000004,0.962278,0.000000,48.024787,0.000067,-0.049524,1.000000;;
   }

   Frame Bip01_Spine1 {
    

    FrameTransformMatrix {
     0.714831,0.000002,0.699297,0.000000,-0.000002,1.000000,-0.000001,0.000000,-0.699297,-0.000001,0.714831,0.000000,64.692307,-0.000000,-0.034704,1.000000;;
    }

    Frame Bip01_Spine2 {
     

     FrameTransformMatrix {
      0.798560,0.000002,0.601916,0.000000,-0.000002,1.000000,-0.000001,0.000000,-0.601916,-0.000001,0.798560,0.000000,60.953754,-0.000000,-0.043259,1.000000;;
     }

     Frame Bip01_Neck {
      

      FrameTransformMatrix {
       1.000000,0.000000,0.000000,0.000000,0.000000,1.000000,-0.000000,0.000000,0.000000,-0.000000,1.000000,0.000000,67.894637,-0.000000,-0.033932,1.000000;;
      }

      Frame Bip01_Head {
       

       FrameTransformMatrix {
        0.937114,0.000001,0.349024,0.000000,-0.000001,1.000000,-0.000000,0.000000,-0.349024,-0.000000,0.937114,0.000000,42.632960,0.000000,0.000057,1.000000;;
       }

       Frame gokuNormalHead {
        

        FrameTransformMatrix {
         0.964985,-0.000000,0.262303,0.000000,-0.000000,1.000000,0.000000,0.000000,-0.262303,-0.000000,0.964985,0.000000,2.510805,0.051155,2.972889,1.000000;;
        }
       }
      }

      Frame Bip01_L_Clavicle {
       

       FrameTransformMatrix {
        -0.283256,0.959044,0.000223,0.000000,0.959044,0.283256,-0.000764,0.000000,-0.000796,-0.000003,-1.000000,0.000000,-3.514638,21.120282,-16.431541,1.000000;;
       }

       Frame Bip01_L_UpperArm {
        

        FrameTransformMatrix {
         0.103215,0.158374,-0.981970,0.000000,0.559533,0.806979,0.188964,0.000000,0.822356,-0.568948,-0.005323,0.000000,95.792531,0.000014,0.000000,1.000000;;
        }

        Frame Bip01_L_Forearm {
         

         FrameTransformMatrix {
          -0.069421,0.000000,-0.997588,0.000000,0.000000,1.000000,-0.000000,0.000000,0.997587,0.000000,-0.069421,0.000000,105.260301,0.000000,0.000000,1.000000;;
         }

         Frame Bip01_L_Hand {
          

          FrameTransformMatrix {
           0.322879,-0.946440,0.000000,0.000000,0.000754,0.000257,1.000000,0.000000,-0.946440,-0.322879,0.000796,0.000000,99.688454,0.000014,0.000000,1.000000;;
          }

          Frame Bip01_L_Finger0 {
           

           FrameTransformMatrix {
            0.115380,-0.347959,0.930383,0.000000,0.992895,0.012972,-0.118281,0.000000,0.029088,0.937420,0.346984,0.000000,12.023363,-23.549366,0.461884,1.000000;;
           }

           Frame Bip01_L_Finger01 {
            

            FrameTransformMatrix {
             0.615984,0.000000,0.787758,0.000000,-0.000000,1.000000,-0.000000,0.000000,-0.787758,-0.000000,0.615984,0.000000,13.046444,0.000000,0.000000,1.000000;;
            }

            Frame Bip01_L_Finger02 {
             

             FrameTransformMatrix {
              0.593694,0.000000,0.804691,0.000000,0.000000,1.000000,0.000000,0.000000,-0.804691,0.000000,0.593695,0.000000,13.046408,0.000000,0.000029,1.000000;;
             }
            }
           }
          }

          Frame Bip01_L_Finger1 {
           

           FrameTransformMatrix {
            0.227792,-0.023974,0.973415,0.000000,0.047421,0.998784,0.013501,0.000000,-0.972554,0.043085,0.228652,0.000000,43.681610,-17.290306,-0.019319,1.000000;;
           }

           Frame Bip01_L_Finger11 {
            

            FrameTransformMatrix {
             0.228342,0.000000,0.973581,0.000000,0.000000,1.000000,0.000000,0.000000,-0.973581,-0.000000,0.228342,0.000000,15.655698,-0.000057,0.000000,1.000000;;
            }

            Frame Bip01_L_Finger12 {
             

             FrameTransformMatrix {
              0.228342,0.000000,0.973581,0.000000,0.000000,1.000000,0.000000,0.000000,-0.973581,0.000000,0.228342,0.000000,15.655699,0.000057,0.000000,1.000000;;
             }
            }
           }
          }

          Frame Bip01_L_Finger2 {
           

           FrameTransformMatrix {
            0.234930,0.005485,0.971997,0.000000,-0.012634,0.999917,-0.002589,0.000000,-0.971930,-0.011672,0.234980,0.000000,43.540778,-2.755508,0.006158,1.000000;;
           }

           Frame Bip01_L_Finger21 {
            

            FrameTransformMatrix {
             0.234970,-0.000000,0.972003,0.000000,0.000000,1.000000,0.000000,0.000000,-0.972003,-0.000000,0.234970,0.000000,18.264992,0.000057,-0.000007,1.000000;;
            }

            Frame Bip01_L_Finger22 {
             

             FrameTransformMatrix {
              0.234970,-0.000000,0.972003,0.000000,0.000000,1.000000,0.000000,0.000000,-0.972003,-0.000000,0.234970,0.000000,18.264984,0.000000,0.000014,1.000000;;
             }
            }
           }
          }

          Frame Bip01_L_Finger3 {
           

           FrameTransformMatrix {
            0.208043,0.045887,0.977043,0.000000,-0.098804,0.994775,-0.025681,0.000000,-0.973117,-0.091193,0.211490,0.000000,43.472720,9.661446,0.022759,1.000000;;
           }

           Frame Bip01_L_Finger31 {
            

            FrameTransformMatrix {
             0.210354,0.000000,0.977625,0.000000,0.000000,1.000000,0.000000,0.000000,-0.977625,0.000000,0.210354,0.000000,15.655675,-0.000057,0.000000,1.000000;;
            }

            Frame Bip01_L_Finger32 {
             

             FrameTransformMatrix {
              0.210354,0.000000,0.977625,0.000000,0.000000,1.000000,0.000000,0.000000,-0.977625,-0.000000,0.210354,0.000000,15.655704,0.000000,0.000000,1.000000;;
             }
            }
           }
          }

          Frame Bip01_L_Finger4 {
           

           FrameTransformMatrix {
            0.187771,0.053920,0.980732,0.000000,-0.120465,0.992218,-0.031487,0.000000,-0.974798,-0.112231,0.192805,0.000000,43.436131,21.163445,0.035541,1.000000;;
           }

           Frame Bip01_L_Finger41 {
            

            FrameTransformMatrix {
             0.191078,0.000000,0.981575,0.000000,0.000000,1.000000,0.000000,0.000000,-0.981575,-0.000000,0.191078,0.000000,13.046394,-0.000057,0.000000,1.000000;;
            }

            Frame Bip01_L_Finger42 {
             

             FrameTransformMatrix {
              0.191078,0.000000,0.981575,0.000000,0.000000,1.000000,0.000000,0.000000,-0.981575,0.000000,0.191078,0.000000,13.046408,0.000029,0.000000,1.000000;;
             }
            }
           }
          }
         }
        }
       }
      }

      Frame Bip01_R_Clavicle {
       

       FrameTransformMatrix {
        -0.283256,-0.959044,0.000228,0.000000,-0.959044,0.283256,0.000763,0.000000,-0.000796,-0.000003,-1.000000,0.000000,-3.514631,-21.120330,-16.431427,1.000000;;
       }

       Frame Bip01_R_UpperArm {
        

        FrameTransformMatrix {
         0.103215,-0.158374,-0.981970,0.000000,-0.559533,0.806979,-0.188964,0.000000,0.822356,0.568948,-0.005323,0.000000,95.792525,0.000007,0.000000,1.000000;;
        }

        Frame Bip01_R_Forearm {
         

         FrameTransformMatrix {
          -0.069421,0.000000,-0.997587,0.000000,0.000000,1.000000,0.000000,0.000000,0.997587,0.000000,-0.069421,0.000000,105.260301,0.000000,0.000000,1.000000;;
         }

         Frame Bip01_R_Hand {
          

          FrameTransformMatrix {
           0.322879,0.946440,0.000000,0.000000,-0.000754,0.000257,-1.000000,0.000000,-0.946440,0.322879,0.000796,0.000000,99.688448,0.000000,0.000000,1.000000;;
          }

          Frame Bip01_R_Finger0 {
           

           FrameTransformMatrix {
            0.115380,0.347959,0.930383,0.000000,-0.992895,0.012972,0.118281,0.000000,0.029088,-0.937420,0.346984,0.000000,12.023363,23.549366,0.461869,1.000000;;
           }

           Frame Bip01_R_Finger01 {
            

            FrameTransformMatrix {
             0.615984,0.000000,0.787758,0.000000,0.000000,1.000000,0.000000,0.000000,-0.787758,-0.000000,0.615984,0.000000,13.046429,0.000000,0.000000,1.000000;;
            }

            Frame Bip01_R_Finger02 {
             

             FrameTransformMatrix {
              0.593694,-0.000000,0.804690,0.000000,0.000000,1.000000,0.000000,0.000000,-0.804690,0.000000,0.593695,0.000000,13.046408,0.000014,0.000000,1.000000;;
             }
            }
           }
          }

          Frame Bip01_R_Finger1 {
           

           FrameTransformMatrix {
            0.227792,0.023974,0.973415,0.000000,-0.047421,0.998784,-0.013501,0.000000,-0.972554,-0.043085,0.228652,0.000000,43.681610,17.290363,-0.019312,1.000000;;
           }

           Frame Bip01_R_Finger11 {
            

            FrameTransformMatrix {
             0.228342,-0.000000,0.973581,0.000000,-0.000000,1.000000,0.000000,0.000000,-0.973581,0.000000,0.228342,0.000000,15.655704,0.000057,0.000000,1.000000;;
            }

            Frame Bip01_R_Finger12 {
             

             FrameTransformMatrix {
              0.228342,-0.000000,0.973581,0.000000,-0.000000,1.000000,-0.000000,0.000000,-0.973581,-0.000000,0.228342,0.000000,15.655704,-0.000057,0.000000,1.000000;;
             }
            }
           }
          }

          Frame Bip01_R_Finger2 {
           

           FrameTransformMatrix {
            0.234930,-0.005485,0.971997,0.000000,0.012634,0.999917,0.002589,0.000000,-0.971930,0.011672,0.234980,0.000000,43.540771,2.755508,0.006173,1.000000;;
           }

           Frame Bip01_R_Finger21 {
            

            FrameTransformMatrix {
             0.234970,0.000000,0.972003,0.000000,0.000000,1.000000,-0.000000,0.000000,-0.972003,-0.000000,0.234970,0.000000,18.264979,-0.000057,0.000007,1.000000;;
            }

            Frame Bip01_R_Finger22 {
             

             FrameTransformMatrix {
              0.234970,0.000000,0.972003,0.000000,0.000000,1.000000,-0.000000,0.000000,-0.972003,0.000000,0.234970,0.000000,18.264979,0.000000,-0.000014,1.000000;;
             }
            }
           }
          }

          Frame Bip01_R_Finger3 {
           

           FrameTransformMatrix {
            0.208043,-0.045887,0.977043,0.000000,0.098804,0.994775,0.025681,0.000000,-0.973116,0.091193,0.211490,0.000000,43.472730,-9.661388,0.022767,1.000000;;
           }

           Frame Bip01_R_Finger31 {
            

            FrameTransformMatrix {
             0.210354,0.000000,0.977625,0.000000,-0.000000,1.000000,0.000000,0.000000,-0.977625,0.000000,0.210354,0.000000,15.655690,0.000000,0.000000,1.000000;;
            }

            Frame Bip01_R_Finger32 {
             

             FrameTransformMatrix {
              0.210354,0.000000,0.977625,0.000000,-0.000000,1.000000,0.000000,0.000000,-0.977625,0.000000,0.210354,0.000000,15.655682,0.000000,0.000000,1.000000;;
             }
            }
           }
          }

          Frame Bip01_R_Finger4 {
           

           FrameTransformMatrix {
            0.187771,-0.053920,0.980732,0.000000,0.120465,0.992218,0.031487,0.000000,-0.974798,0.112231,0.192805,0.000000,43.436122,-21.163387,0.035534,1.000000;;
           }

           Frame Bip01_R_Finger41 {
            

            FrameTransformMatrix {
             0.191078,-0.000000,0.981575,0.000000,-0.000000,1.000000,0.000000,0.000000,-0.981575,0.000000,0.191078,0.000000,13.046422,0.000000,0.000000,1.000000;;
            }

            Frame Bip01_R_Finger42 {
             

             FrameTransformMatrix {
              0.191078,-0.000000,0.981575,0.000000,-0.000000,1.000000,0.000000,0.000000,-0.981575,-0.000000,0.191078,0.000000,13.046408,0.000000,0.000000,1.000000;;
             }
            }
           }
          }
         }
        }
       }
      }
     }
    }
   }

   Frame Bip01_L_Thigh {
    

    FrameTransformMatrix {
     -0.160689,0.078388,0.983887,0.000000,-0.141231,-0.988410,0.055683,0.000000,0.976849,-0.130008,0.169897,0.000000,-46.199715,41.748576,13.113613,1.000000;;
    }

    Frame Bip01_L_Calf {
     

     FrameTransformMatrix {
      -0.863723,0.000000,-0.503968,0.000000,0.000000,1.000000,0.000000,0.000000,0.503968,0.000000,-0.863723,0.000000,223.516518,-0.000007,-0.000029,1.000000;;
     }

     Frame Bip01_L_Foot {
      

      FrameTransformMatrix {
       0.839622,0.042593,-0.541498,0.000000,-0.138949,0.980592,-0.138318,0.000000,0.525097,0.191375,0.829246,0.000000,223.516518,0.000000,0.000029,1.000000;;
      }

      Frame Bip01_L_Toe0 {
       

       FrameTransformMatrix {
        -0.556913,-0.000000,0.830571,0.000000,-0.000000,1.000000,-0.000000,0.000000,-0.830571,-0.000000,-0.556913,0.000000,48.010826,0.000000,60.535386,1.000000;;
       }
      }
     }
    }
   }

   Frame Bip01_R_Thigh {
    

    FrameTransformMatrix {
     -0.160689,-0.078383,0.983888,0.000000,0.141231,-0.988410,-0.055677,0.000000,0.976849,0.130009,0.169897,0.000000,-46.199715,-41.748506,13.113828,1.000000;;
    }

    Frame Bip01_R_Calf {
     

     FrameTransformMatrix {
      -0.863723,0.000000,-0.503968,0.000000,0.000000,1.000000,0.000000,0.000000,0.503968,0.000000,-0.863723,0.000000,223.516518,-0.000007,0.000000,1.000000;;
     }

     Frame Bip01_R_Foot {
      

      FrameTransformMatrix {
       0.839622,-0.042592,-0.541498,0.000000,0.138949,0.980592,0.138318,0.000000,0.525097,-0.191375,0.829245,0.000000,223.516467,0.000000,0.000029,1.000000;;
      }

      Frame Bip01_R_Toe0 {
       

       FrameTransformMatrix {
        -0.556913,-0.000000,0.830571,0.000000,-0.000000,1.000000,-0.000000,0.000000,-0.830571,-0.000000,-0.556913,0.000000,48.010858,0.000000,60.535386,1.000000;;
       }
      }
     }
    }
   }
  }
 }
}

Frame gokuLower {
 

 FrameTransformMatrix {
  1.000000,0.000000,0.000000,0.000000,0.000000,1.000000,0.000000,0.000000,0.000000,0.000000,1.000000,0.000000,-0.004084,562.77312,-2.201078,1.000000;;
 }

 Mesh gokuLower {
  520;
  0.047103;-149.328755;58.158502;,
  2.210665;-121.795149;28.298570;,
  0.047033;-132.225997;120.011674;,
  0.561683;-221.836518;-37.564346;,
  -1.389027;-167.228621;-35.189437;,
  1.627513;-198.921997;-63.507155;,
  -7.602666;-170.861658;-12.683458;,
  -14.017178;-195.076582;-86.802637;,
  -1.389027;-167.228621;-35.189437;,
  -8.750671;-152.232179;-48.641654;,
  1.627513;-198.921997;-63.507155;,
  78.785734;-207.130509;-62.282214;,
  50.800954;-229.333248;-90.555098;,
  86.805894;-221.633766;-90.914182;,
  95.947885;-196.084646;-68.913344;,
  105.088742;-202.810918;-90.359405;,
  101.280454;-176.867558;-76.494170;,
  109.918541;-180.482022;-93.212128;,
  50.800954;-229.333248;-90.555098;,
  78.785734;-207.130509;-62.282214;,
  81.321517;-218.890906;-51.320541;,
  19.502421;-219.020006;-124.678054;,
  51.518688;-238.427469;-119.770803;,
  11.652422;-174.500173;-146.716531;,
  98.183622;-199.328115;-40.198717;,
  78.785734;-207.130509;-62.282214;,
  95.947885;-196.084646;-68.913344;,
  98.183622;-199.328115;-40.198717;,
  115.355955;-175.454682;-58.537018;,
  101.280454;-176.867558;-76.494170;,
  107.153946;-150.546662;-33.439325;,
  118.709594;-139.181606;-91.994611;,
  105.733126;-124.500992;-87.004435;,
  115.355955;-175.454682;-58.537018;,
  98.183622;-199.328115;-40.198717;,
  103.037139;-171.458189;-29.260144;,
  106.330419;-148.391514;3.775034;,
  103.037139;-171.458189;-29.260144;,
  110.853555;-155.183424;-20.574189;,
  104.698778;-172.401318;-1.602287;,
  96.327424;-124.831130;-22.546757;,
  110.853555;-155.183424;-20.574189;,
  107.153946;-150.546662;-33.439325;,
  105.697946;-129.711091;-0.340004;,
  107.153946;-150.546662;-33.439325;,
  95.646701;-111.519757;-55.909190;,
  96.327424;-124.831130;-22.546757;,
  105.733126;-124.500992;-87.004435;,
  95.229536;-209.454554;-10.337734;,
  19.502421;-219.020006;-124.678054;,
  1.651956;-230.732928;-86.918650;,
  2.638712;-186.824870;-111.301184;,
  9.347908;-219.566413;-69.225024;,
  30.231811;-245.671091;-66.911283;,
  27.892224;-228.288973;-58.735142;,
  58.641510;-223.864960;-6.616058;,
  69.218246;-230.474445;-17.999725;,
  27.892224;-228.288973;-58.735142;,
  9.347908;-219.566413;-69.225024;,
  30.254035;-237.422310;-22.151013;,
  58.641510;-223.864960;-6.616058;,
  25.660544;-215.239117;-11.854706;,
  105.697946;-129.711091;-0.340004;,
  74.836518;-118.058790;-5.855884;,
  75.334035;-100.215597;-42.346429;,
  74.836518;-118.058790;-5.855884;,
  77.249389;-121.985754;19.133662;,
  75.178086;-160.846746;17.453213;,
  97.941267;-146.342848;13.349734;,
  83.134291;-130.940954;79.016410;,
  -7.602666;-170.861658;-12.683458;,
  15.001066;-148.297485;6.342001;,
  -1.389027;-167.228621;-35.189437;,
  9.953045;-182.345382;-3.622373;,
  -1.389027;-167.228621;-35.189437;,
  3.115343;-139.408858;-4.622154;,
  -8.750671;-152.232179;-48.641654;,
  15.001066;-148.297485;6.342001;,
  80.245517;-141.133670;18.302336;,
  77.249389;-121.985754;19.133662;,
  42.980125;-130.286042;18.376894;,
  37.982390;-118.140480;11.517849;,
  41.300720;-100.165619;-39.829904;,
  7.417055;-125.320384;-46.300314;,
  39.057952;-117.381850;-9.785936;,
  3.717685;-120.489498;-77.406886;,
  2.199308;-149.414490;-61.268896;,
  12.414905;-130.101338;-20.112942;,
  7.417055;-125.320384;-46.300314;,
  20.046630;-127.360640;-7.941427;,
  37.982390;-118.140480;11.517849;,
  21.499533;-117.494579;-6.591132;,
  -1.420344;-153.714522;-111.630400;,
  38.825984;-2.001167;37.242883;,
  2.986287;-17.128686;14.817213;,
  0.047144;-2.381996;21.999099;,
  45.708006;-16.178699;30.326128;,
  55.442150;-106.228493;38.920275;,
  14.721278;-59.414592;-29.180918;,
  9.563778;-87.583795;9.238594;,
  57.600730;-46.734368;-5.973902;,
  97.029082;-101.666208;64.278246;,
  82.858925;-73.573786;46.757520;,
  87.131027;-69.704979;81.415942;,
  87.501869;-83.605613;31.218982;,
  74.310067;-13.046686;88.209818;,
  63.583827;-0.812921;56.101990;,
  64.970374;-0.749126;87.035795;,
  72.614701;-14.601842;55.285734;,
  41.592109;0.958770;110.500582;,
  47.647021;-12.784260;115.807974;,
  78.921517;-60.336813;116.950592;,
  54.057837;-66.603616;139.031091;,
  0.047020;-19.882754;131.386266;,
  6.419573;-74.282061;142.794867;,
  52.819558;-119.044595;140.156570;,
  12.343446;-115.557210;143.233702;,
  0.047024;-124.069350;127.438950;,
  6.419573;-74.282061;142.794867;,
  0.047015;-70.207213;136.050726;,
  0.047024;-124.069350;127.438950;,
  0.047034;-1.658322;119.076864;,
  83.134291;-130.940954;79.016410;,
  15.326723;-143.414874;81.553350;,
  0.047024;-124.069350;127.438950;,
  0.047033;-132.225997;120.011674;,
  14.642822;-131.293440;135.297779;,
  0.047020;-19.882754;131.386266;,
  2.986287;-17.128686;14.817213;,
  0.047154;-86.855750;13.355370;,
  0.047144;-2.381996;21.999099;,
  9.563778;-87.583795;9.238594;,
  14.642822;-131.293440;135.297779;,
  44.797242;-145.521434;83.206144;,
  94.699942;-109.479002;60.045146;,
  84.102074;-67.940070;-6.261850;,
  14.721278;-59.414592;-29.180918;,
  2.210665;-121.795149;28.298570;,
  -2.166635;-101.794675;12.906193;,
  0.047134;-139.291469;30.348742;,
  -2.166635;-101.794675;12.906193;,
  -2.166635;-101.794675;12.906193;,
  94.699942;-109.479002;60.045146;,
  39.057952;-117.381850;-9.785936;,
  37.982390;-118.140480;11.517849;,
  12.414905;-130.101338;-20.112942;,
  2.199308;-149.414490;-61.268896;,
  20.046630;-127.360640;-7.941427;,
  103.037139;-171.458189;-29.260144;,
  103.380499;-162.832563;-141.281126;,
  87.068051;-232.783642;-119.361395;,
  95.646701;-111.519757;-55.909190;,
  95.199411;-122.779546;-87.265344;,
  80.370125;-113.140378;-57.979891;,
  105.733126;-124.500992;-87.004435;,
  -5.494824;-170.838349;-135.521306;,
  2.638712;-186.824870;-111.301184;,
  75.334035;-100.215597;-42.346429;,
  49.739571;-111.665638;-51.485741;,
  41.300720;-100.165619;-39.829904;,
  3.717685;-120.489498;-77.406886;,
  11.868651;-121.977306;-80.348966;,
  11.868651;-121.977306;-80.348966;,
  -7.488694;-170.266445;-125.422374;,
  -1.420344;-153.714522;-111.630400;,
  13.783072;-174.708966;-113.730880;,
  -7.488694;-170.266445;-125.422374;,
  -1.420344;-153.714522;-111.630400;,
  93.736237;-179.760422;6.993513;,
  83.224506;-210.050982;-2.963705;,
  76.866938;-111.671642;-117.933722;,
  59.287642;-94.144051;-110.041472;,
  78.607354;-91.659322;-83.158592;,
  67.094810;-164.207578;-147.368717;,
  100.787187;-151.890381;-126.834355;,
  102.994227;-133.302042;-43.127229;,
  32.811456;-97.259616;-109.727181;,
  40.983005;-167.434739;-147.855296;,
  22.860386;-170.881062;-145.794432;,
  4.605765;-166.299789;-136.964890;,
  12.364310;-109.670797;-119.694413;,
  63.800704;-206.938534;-57.886016;,
  19.593403;-171.331149;-118.205402;,
  49.968496;-169.172749;-114.781888;,
  24.146685;-203.922214;-61.553478;,
  85.243181;-159.898509;-117.423411;,
  1.275442;-166.947328;-127.278003;,
  96.640000;-170.848154;-30.734867;,
  57.691366;-171.089050;-110.292979;,
  49.739571;-111.665638;-51.485741;,
  -1.420344;-153.714522;-111.630400;,
  80.370125;-113.140378;-57.979891;,
  95.454970;-160.215155;-113.815680;,
  4.605765;-166.299789;-136.964890;,
  22.860386;-170.881062;-145.794432;,
  1.275442;-166.947328;-127.278003;,
  19.593403;-171.331149;-118.205402;,
  39.791981;-173.391603;-145.814579;,
  100.787187;-151.890381;-126.834355;,
  113.122394;-154.478886;-126.119578;,
  89.047782;-162.365696;-140.715290;,
  85.243181;-159.898509;-117.423411;,
  107.646426;-158.264499;-119.587085;,
  69.807578;-170.592998;-145.318707;,
  95.995437;-105.849798;-15.677261;,
  68.789101;-72.618125;-51.985389;,
  38.037446;-77.017939;-88.706560;,
  38.886560;-77.415718;-73.280429;,
  78.013011;-74.551936;-62.446419;,
  70.389837;-189.226931;-17.110077;,
  1.289998;-169.319168;-35.395642;,
  19.490077;-180.894528;-21.851606;,
  5.114118;-149.507264;0.918374;,
  49.968496;-169.172749;-114.781888;,
  -2.506201;-92.454003;-21.051664;,
  9.751302;-88.274720;-69.262816;,
  0.854846;-106.282822;-24.699398;,
  9.751302;-88.274720;-69.262816;,
  -2.506201;-92.454003;-21.051664;,
  14.632843;-85.414195;-61.771462;,
  14.632843;-85.414195;-61.771462;,
  84.102074;-67.940070;-6.261850;,
  97.539789;-74.478618;-8.987088;,
  68.789101;-72.618125;-51.985389;,
  94.699942;-109.479002;60.045146;,
  97.539789;-74.478618;-8.987088;,
  78.013011;-74.551936;-62.446419;,
  13.686024;-105.095603;-99.418374;,
  38.037446;-77.017939;-88.706560;,
  9.751302;-88.274720;-69.262816;,
  -0.960913;-121.681741;-58.563936;,
  0.854846;-106.282822;-24.699398;,
  38.886560;-77.415718;-73.280429;,
  39.791981;-173.391603;-145.814579;,
  0.047103;-149.328755;58.158502;,
  0.047103;-149.328755;58.158502;,
  44.797242;-145.521434;83.206144;,
  5.114118;-149.507264;0.918374;,
  22.702059;-185.893850;-17.957626;,
  5.524225;-149.274189;66.405786;,
  19.490077;-180.894528;-21.851606;,
  5.524225;-149.274189;66.405786;,
  44.797242;-145.521434;83.206144;,
  39.383376;-177.567232;0.297346;,
  5.524225;-149.274189;66.405786;,
  22.702059;-185.893850;-17.957626;,
  15.326723;-143.414874;81.553350;,
  63.800704;-206.938534;-57.886016;,
  110.942848;-156.009946;-102.824128;,
  110.942848;-156.009946;-102.824128;,
  95.199411;-122.779546;-87.265344;,
  107.646426;-158.264499;-119.587085;,
  0.047033;-132.225997;120.011674;,
  7.417055;-125.320384;-46.300314;,
  21.499533;-117.494579;-6.591132;,
  89.047782;-162.365696;-140.715290;,
  69.807578;-170.592998;-145.318707;,
  9.953045;-182.345382;-3.622373;,
  2.199308;-149.414490;-61.268896;,
  5.114118;-149.507264;0.918374;,
  2.199308;-149.414490;-61.268896;,
  1.289998;-169.319168;-35.395642;,
  1.275442;-166.947328;-127.278003;,
  1.275442;-166.947328;-127.278003;,
  5.114118;-149.507264;0.918374;,
  -2.072178;-121.803162;28.307366;,
  -0.424011;-221.849344;-37.585088;,
  1.526856;-167.241472;-35.210150;,
  7.740390;-170.874483;-12.704172;,
  -1.489660;-198.934835;-63.527898;,
  14.155154;-195.089472;-86.823322;,
  1.526856;-167.241472;-35.210150;,
  -1.489660;-198.934835;-63.527898;,
  8.888599;-152.245005;-48.662368;,
  -86.668038;-221.646362;-90.935245;,
  -50.663091;-229.345946;-90.576013;,
  -78.647962;-207.143130;-62.303270;,
  -95.810118;-196.097165;-68.934464;,
  -104.950886;-202.823424;-90.380544;,
  -101.142573;-176.880077;-76.515315;,
  -109.780582;-180.494541;-93.233299;,
  -81.183814;-218.903501;-51.341600;,
  -78.647962;-207.143130;-62.303270;,
  -50.663091;-229.345946;-90.576013;,
  -19.364373;-219.032832;-124.698854;,
  -51.380733;-238.440166;-119.791744;,
  -11.514268;-174.514650;-146.718157;,
  -98.045965;-199.340634;-40.219834;,
  -98.045965;-199.340634;-40.219834;,
  -95.810118;-196.097165;-68.934464;,
  -78.647962;-207.143130;-62.303270;,
  -115.218214;-175.467162;-58.558214;,
  -101.142573;-176.880077;-76.515315;,
  -107.016205;-150.559130;-33.460496;,
  -118.571597;-139.194125;-92.015840;,
  -115.218214;-175.467162;-58.558214;,
  -105.595046;-124.513510;-87.025626;,
  -102.899424;-171.470682;-29.281286;,
  -98.045965;-199.340634;-40.219834;,
  -106.192800;-148.403981;3.753862;,
  -102.899424;-171.470682;-29.281286;,
  -104.561216;-172.413824;-1.623459;,
  -110.715866;-155.195904;-20.595389;,
  -96.189651;-124.843622;-22.567928;,
  -110.715866;-155.195904;-20.595389;,
  -105.560243;-129.723584;-0.361204;,
  -107.016205;-150.559130;-33.460496;,
  -107.016205;-150.559130;-33.460496;,
  -95.508730;-111.532288;-55.930330;,
  -105.595046;-124.513510;-87.025626;,
  -96.189651;-124.843622;-22.567928;,
  -95.092000;-209.467072;-10.358849;,
  -19.364373;-219.032832;-124.698854;,
  -2.500616;-186.837722;-111.321946;,
  -1.514100;-230.745779;-86.939360;,
  -9.210146;-219.579213;-69.245798;,
  -30.094112;-245.683814;-66.932083;,
  -27.754502;-228.301722;-58.755968;,
  -58.504058;-223.877606;-6.637030;,
  -69.080717;-230.487066;-18.020696;,
  -27.754502;-228.301722;-58.755968;,
  -30.116506;-237.435034;-22.171840;,
  -9.210146;-219.579213;-69.245798;,
  -58.504058;-223.877606;-6.637030;,
  -25.522998;-215.251840;-11.875506;,
  -105.560243;-129.723584;-0.361204;,
  -74.698733;-118.071360;-5.876970;,
  -75.196032;-100.228186;-42.367517;,
  -74.698733;-118.071360;-5.876970;,
  -77.111731;-121.998310;19.112606;,
  -82.995923;-130.949069;79.024947;,
  -97.803744;-146.359117;13.366942;,
  -75.040512;-160.862925;17.470522;,
  1.526856;-167.241472;-35.210150;,
  -14.863397;-148.310259;6.321173;,
  7.740390;-170.874483;-12.704172;,
  -9.815426;-182.358170;-3.643144;,
  1.526856;-167.241472;-35.210150;,
  -2.977595;-139.421670;-4.642954;,
  -14.863397;-148.310259;6.321173;,
  8.888599;-152.245005;-48.662368;,
  -80.107917;-141.146227;18.281278;,
  -77.111731;-121.998310;19.112606;,
  -42.842438;-130.298675;18.355923;,
  -37.844621;-118.153152;11.496935;,
  -41.162688;-100.178317;-39.850845;,
  -7.279147;-125.333171;-46.321082;,
  -3.579549;-120.502323;-77.427661;,
  -38.920109;-117.394522;-9.806879;,
  -7.279147;-125.333171;-46.321082;,
  -12.277115;-130.114086;-20.133741;,
  -2.061324;-149.427341;-61.289670;,
  -21.361738;-117.507315;-6.611960;,
  -37.844621;-118.153152;11.496935;,
  -19.908813;-127.373402;-7.962255;,
  1.558537;-153.727398;-111.651162;,
  -38.686611;-2.001167;37.242797;,
  -2.846778;-17.128683;14.817205;,
  -45.568560;-16.178699;30.326026;,
  -55.302784;-106.228467;38.920141;,
  -14.583715;-59.430669;-29.163379;,
  -57.463309;-46.750538;-5.956535;,
  -9.424309;-87.583795;9.238572;,
  -96.890778;-101.674330;64.286746;,
  -82.719514;-73.573786;46.757331;,
  -87.363558;-83.613715;31.227504;,
  -86.991699;-69.704979;81.415731;,
  -74.170720;-13.046686;88.209638;,
  -63.444422;-0.812914;56.101850;,
  -72.475290;-14.601838;55.285574;,
  -64.831053;-0.749126;87.035654;,
  -41.452848;0.958770;110.500493;,
  -47.507824;-12.784260;115.807872;,
  -78.782278;-60.336813;116.950413;,
  -53.918643;-66.603616;139.030963;,
  -6.280342;-74.282061;142.794867;,
  -52.680358;-119.044595;140.156454;,
  -12.204222;-115.557210;143.233677;,
  0.047015;-70.207213;136.050726;,
  -6.280342;-74.282061;142.794867;,
  0.047024;-124.069350;127.438950;,
  -82.995923;-130.949069;79.024947;,
  -15.188312;-143.422899;81.562125;,
  -14.503576;-131.293440;135.297741;,
  0.047020;-19.882754;131.386266;,
  0.047144;-2.381996;21.999099;,
  0.047154;-86.855750;13.355370;,
  -2.846778;-17.128683;14.817205;,
  -9.424309;-87.583795;9.238572;,
  -14.503576;-131.293440;135.297741;,
  -44.658931;-145.529510;83.214822;,
  -94.561600;-109.487117;60.053658;,
  -83.964646;-67.956307;-6.244598;,
  2.305102;-101.802682;12.915009;,
  -2.072178;-121.803162;28.307366;,
  -14.583715;-59.430669;-29.163379;,
  0.047134;-139.291469;30.348742;,
  2.305102;-101.802682;12.915009;,
  2.305102;-101.802682;12.915009;,
  -94.561600;-109.487117;60.053658;,
  -37.844621;-118.153152;11.496935;,
  -38.920109;-117.394522;-9.806879;,
  -12.277115;-130.114086;-20.133741;,
  -2.061324;-149.427341;-61.289670;,
  -19.908813;-127.373402;-7.962255;,
  -102.899424;-171.470682;-29.281286;,
  -103.242381;-162.847014;-141.283136;,
  -86.930106;-232.796237;-119.382451;,
  -95.508730;-111.532288;-55.930330;,
  -95.061363;-122.792064;-87.286483;,
  -105.595046;-124.513510;-87.025626;,
  -80.232083;-113.152973;-58.001030;,
  5.633058;-170.852813;-135.522842;,
  -2.500616;-186.837722;-111.321946;,
  -75.196032;-100.228186;-42.367517;,
  -49.601520;-111.678310;-51.506710;,
  -41.162688;-100.178317;-39.850845;,
  -3.579549;-120.502323;-77.427661;,
  -11.730532;-121.990118;-80.369766;,
  -11.730532;-121.990118;-80.369766;,
  7.626974;-170.280934;-125.423898;,
  -13.644718;-174.723469;-113.732531;,
  7.626974;-170.280934;-125.423898;,
  1.558537;-153.727398;-111.651162;,
  -93.598682;-179.772954;6.972398;,
  -83.087059;-210.063539;-2.984762;,
  -76.728928;-111.687923;-117.916454;,
  -59.149683;-94.160288;-110.024128;,
  -66.956685;-164.222029;-147.370560;,
  -78.469523;-91.675584;-83.141312;,
  -100.649043;-151.904845;-126.836352;,
  -102.856461;-133.318374;-43.110045;,
  -32.673562;-97.275782;-109.709696;,
  -40.844902;-167.449203;-147.857037;,
  -12.226253;-109.686912;-119.676851;,
  -4.467584;-166.314266;-136.966464;,
  -22.722285;-170.895526;-145.796083;,
  -63.662650;-206.954752;-57.868666;,
  -19.455067;-171.345638;-118.207040;,
  -24.008600;-203.938342;-61.535942;,
  -49.830186;-169.187226;-114.783667;,
  -85.104909;-159.912998;-117.425344;,
  -1.137163;-166.961818;-127.279552;,
  -96.502240;-170.864461;-30.717645;,
  -57.553011;-171.103565;-110.294784;,
  -49.601520;-111.678310;-51.506710;,
  1.558537;-153.727398;-111.651162;,
  -80.232083;-113.152973;-58.001030;,
  -95.316710;-160.229632;-113.817638;,
  -4.467584;-166.314266;-136.966464;,
  -22.722285;-170.895526;-145.796083;,
  -1.137163;-166.961818;-127.279552;,
  -19.455067;-171.345638;-118.207040;,
  -39.653862;-173.406042;-145.816333;,
  -100.649043;-151.904845;-126.836352;,
  -88.909645;-162.380147;-140.717210;,
  -112.984243;-154.493338;-126.121613;,
  -85.104909;-159.912998;-117.425344;,
  -107.508211;-158.278976;-119.589094;,
  -69.669459;-170.607450;-145.320550;,
  -95.857875;-105.866086;-15.660067;,
  -68.651507;-72.634349;-51.968080;,
  -37.899610;-77.034106;-88.689126;,
  -83.673248;-73.853299;-63.219552;,
  -38.748810;-77.431885;-73.262982;,
  -70.252013;-189.243149;-17.092723;,
  -4.976431;-149.523302;0.935984;,
  -19.352275;-180.910618;-21.834069;,
  -1.152100;-169.335219;-35.378016;,
  -49.830186;-169.187226;-114.783667;,
  -9.613545;-88.290797;-69.245254;,
  -14.495082;-85.430291;-61.753920;,
  2.643829;-92.470029;-21.034040;,
  2.643829;-92.470029;-21.034040;,
  -0.717227;-106.298861;-24.681787;,
  -9.613545;-88.290797;-69.245254;,
  -14.495082;-85.430291;-61.753920;,
  -83.964646;-67.956307;-6.244598;,
  -97.402330;-74.494886;-8.969894;,
  -68.651507;-72.634349;-51.968080;,
  -94.561600;-109.487117;60.053658;,
  -97.402330;-74.494886;-8.969894;,
  -83.673248;-73.853299;-63.219552;,
  -13.548064;-105.111712;-99.400832;,
  -37.899610;-77.034106;-88.689126;,
  -9.613545;-88.290797;-69.245254;,
  1.098768;-121.697779;-58.546317;,
  -0.717227;-106.298861;-24.681787;,
  -38.748810;-77.431885;-73.262982;,
  -39.653862;-173.406042;-145.816333;,
  0.047103;-149.328755;58.158502;,
  -44.658931;-145.529510;83.214822;,
  -4.976431;-149.523302;0.935984;,
  -22.564210;-185.909952;-17.940086;,
  -19.352275;-180.910618;-21.834069;,
  -5.385766;-149.282214;66.414579;,
  -5.385766;-149.282214;66.414579;,
  -44.658931;-145.529510;83.214822;,
  -39.245629;-177.583347;0.314798;,
  -5.385766;-149.282214;66.414579;,
  -15.188312;-143.422899;81.562125;,
  -22.564210;-185.909952;-17.940086;,
  -63.662650;-206.954752;-57.868666;,
  -110.804800;-156.022464;-102.845331;,
  -110.804800;-156.022464;-102.845331;,
  -95.061363;-122.792064;-87.286483;,
  -107.508211;-158.278976;-119.589094;,
  1.558537;-153.727398;-111.651162;,
  -21.361738;-117.507315;-6.611960;,
  -7.279147;-125.333171;-46.321082;,
  -88.909645;-162.380147;-140.717210;,
  -69.669459;-170.607450;-145.320550;,
  -9.815426;-182.358170;-3.643144;,
  -2.061324;-149.427341;-61.289670;,
  -4.976431;-149.523302;0.935984;,
  -2.061324;-149.427341;-61.289670;,
  -1.152100;-169.335219;-35.378016;,
  -1.137163;-166.961818;-127.279552;,
  -1.137163;-166.961818;-127.279552;,
  -4.976431;-149.523302;0.935984;;
  574;
  3;0,1,2;,
  3;3,4,5;,
  3;4,3,6;,
  3;7,8,9;,
  3;8,7,10;,
  3;11,12,13;,
  3;14,13,15;,
  3;13,14,11;,
  3;15,16,14;,
  3;16,15,17;,
  3;18,19,20;,
  3;21,22,12;,
  3;22,21,23;,
  3;24,20,19;,
  3;25,26,27;,
  3;26,28,27;,
  3;28,26,29;,
  3;30,31,32;,
  3;31,30,33;,
  3;34,33,35;,
  3;35,33,30;,
  3;36,37,38;,
  3;37,36,39;,
  3;40,41,42;,
  3;41,40,43;,
  3;44,45,46;,
  3;45,44,47;,
  3;39,24,37;,
  3;24,39,48;,
  3;7,49,50;,
  3;49,7,51;,
  3;52,53,54;,
  3;53,52,50;,
  3;53,55,54;,
  3;55,53,56;,
  3;57,3,58;,
  3;3,57,59;,
  3;57,60,59;,
  3;59,61,3;,
  3;59,60,61;,
  3;36,38,62;,
  3;63,45,64;,
  3;45,63,46;,
  3;65,43,40;,
  3;43,65,66;,
  3;67,68,69;,
  3;70,71,72;,
  3;73,71,70;,
  3;74,75,76;,
  3;75,74,77;,
  3;58,3,5;,
  3;50,10,7;,
  3;10,50,52;,
  3;62,78,36;,
  3;78,62,79;,
  3;79,80,78;,
  3;80,79,81;,
  3;82,83,84;,
  3;83,82,85;,
  3;86,87,88;,
  3;89,90,91;,
  3;84,64,82;,
  3;64,84,63;,
  3;83,85,92;,
  3;93,94,95;,
  3;94,93,96;,
  3;97,98,99;,
  3;98,97,100;,
  3;101,102,103;,
  3;102,101,104;,
  3;105,106,107;,
  3;106,105,108;,
  3;105,109,110;,
  3;109,105,107;,
  3;111,105,110;,
  3;105,111,103;,
  3;112,111,110;,
  3;112,113,114;,
  3;113,112,110;,
  3;114,115,112;,
  3;115,114,116;,
  3;117,118,119;,
  3;114,120,116;,
  3;113,109,121;,
  3;109,113,110;,
  3;112,122,111;,
  3;122,112,115;,
  3;123,124,125;,
  3;124,123,126;,
  3;102,97,96;,
  3;96,108,102;,
  3;127,119,118;,
  3;128,129,130;,
  3;129,128,131;,
  3;104,100,97;,
  3;97,102,104;,
  3;115,132,133;,
  3;132,115,116;,
  3;69,68,134;,
  3;104,101,135;,
  3;101,111,122;,
  3;111,101,103;,
  3;103,108,105;,
  3;108,103,102;,
  3;94,97,99;,
  3;97,94,96;,
  3;136,137,138;,
  3;131,139,129;,
  3;139,131,140;,
  3;99,98,141;,
  3;122,142,101;,
  3;65,143,144;,
  3;144,66,65;,
  3;145,76,75;,
  3;76,145,146;,
  3;75,81,147;,
  3;77,81,75;,
  3;81,77,80;,
  3;148,42,41;,
  3;13,149,15;,
  3;149,13,150;,
  3;151,152,153;,
  3;152,151,154;,
  3;21,155,23;,
  3;155,21,156;,
  3;157,158,159;,
  3;158,157,153;,
  3;160,158,161;,
  3;158,160,159;,
  3;162,163,164;,
  3;163,162,165;,
  3;156,166,155;,
  3;166,156,167;,
  3;20,24,48;,
  3;48,56,20;,
  3;36,168,39;,
  3;168,36,78;,
  3;168,48,39;,
  3;48,168,169;,
  3;169,56,48;,
  3;56,169,55;,
  3;20,56,53;,
  3;53,18,20;,
  3;170,171,172;,
  3;171,170,173;,
  3;174,172,175;,
  3;172,174,170;,
  3;173,176,171;,
  3;176,173,177;,
  3;178,179,180;,
  3;181,182,183;,
  3;182,181,184;,
  3;183,185,181;,
  3;186,182,184;,
  3;174,187,185;,
  3;187,174,175;,
  3;188,162,189;,
  3;162,188,165;,
  3;161,190,160;,
  3;191,188,189;,
  3;188,191,192;,
  3;193,23,155;,
  3;23,193,194;,
  3;165,195,163;,
  3;195,165,196;,
  3;23,197,22;,
  3;197,23,194;,
  3;149,198,199;,
  3;198,149,200;,
  3;199,201,202;,
  3;201,199,198;,
  3;22,203,150;,
  3;203,22,197;,
  3;18,50,49;,
  3;50,18,53;,
  3;175,172,204;,
  3;205,206,207;,
  3;206,205,208;,
  3;68,209,187;,
  3;209,68,67;,
  3;210,211,212;,
  3;175,68,187;,
  3;68,175,204;,
  3;213,196,165;,
  3;165,188,213;,
  3;201,188,192;,
  3;188,201,213;,
  3;12,150,13;,
  3;150,12,22;,
  3;203,149,150;,
  3;149,203,200;,
  3;214,215,216;,
  3;217,218,219;,
  3;220,214,98;,
  3;98,214,1;,
  3;208,221,222;,
  3;221,208,205;,
  3;100,135,223;,
  3;135,100,104;,
  3;221,224,222;,
  3;142,135,101;,
  3;172,225,204;,
  3;225,172,226;,
  3;227,228,176;,
  3;228,227,229;,
  3;172,171,226;,
  3;230,229,227;,
  3;229,230,231;,
  3;225,134,204;,
  3;171,228,226;,
  3;217,207,206;,
  3;207,217,219;,
  3;100,232,98;,
  3;232,100,223;,
  3;232,220,98;,
